

0
: 
(2) [6992, 0]
1
: 
(2) [746, -26.09]
2
: 
(2) [9237, 0.19]
3
: 
(2) [7059, -56.25]
4
: 
(2) [3747, -5.91]
5
: 
(2) [2154, 2]
6
: 
(2) [9573, 2.04]
7
: 
(2) [7303, 6.56]
8
: 
(2) [2462, 0.42]
9
: 
(2) [3441, 0.05]
10
: 
(2) [6524, 3.43]
11
: 
(2) [3275, -0.82]
12
: 
(2) [5388, 0.3]
13
: 
(2) [7684, 2.69]
14
: 
(2) [8873, 8.6]
15
: 
(2) [5361, -25]
16
: 
(2) [3717, -0.11]
17
: 
(2) [3352, -1.24]
18
: 
(2) [7363, 174.55]
19
: 
(2) [6221, 0.26]
20
: 
(2) [1134, 4.35]
21
: 
(2) [8847, 6.8]
22
: 
(2) [6675, 0.94]
23
: 
(2) [6904, 1.94]
24
: 
(2) [8858, -1.51]
25
: 
(2) [8324, 1.54]
26
: 
(2) [9382, -1.18]
27
: 
(2) [6980, -7.52]
28
: 
(2) [2216, 0]
29
: 
(2) [8233, -3.07]
30
: 
(2) [1584, -0.57]
31
: 
(2) [2299, 38.94]
32
: 
(2) [8972, -3.24]
33
: 
(2) [9099, 1.6]
34
: 
(2) [7850, -7.26]
35
: 
(2) [9076, 1.89]
36
: 
(2) [6816, -1.95]
37
: 
(2) [2618, -6.5]
38
: 
(2) [2639, -0.7]
39
: 
(2) [51, -0.56]
40
: 
(2) [4276, 0]
41
: 
(2) [8796, 0.87]
42
: 
(2) [1467, 0.98]
43
: 
(2) [9264, -0.29]
44
: 
(2) [7561, 3.42]
45
: 
(2) [3627, 83.51]
46
: 
(2) [3957, -0.45]
47
: 
(2) [5303, 1.68]
48
: 
(2) [2644, 8.57]
49
: 
(2) [2375, 2.08]
50
: 
(2) [2143, -3.4]
51
: 
(2) [8882, 0.08]
52
: 
(2) [458, -0.94]
length
: 
53
chart.js:1310 次数 0 7209
chart.js:1310 次数 1 7110
chart.js:1310 次数 2 7232
chart.js:1310 次数 3 7352
chart.js:1310 次数 4 7245
chart.js:1310 次数 5 7302
chart.js:1310 次数 6 7271
chart.js:1313 样本容量 50721 验证次数 50721
chart.js:1314 负值 25365 正值 25356
chart.js:1315 盈 28 亏 22 平 2 总和 52 盈利 360.28 亏损 -154.56
chart.js:1316 盈率 53.85% 亏率 42.31% 平率 3.85%



0
: 
(2) [1207, 0]
1
: 
(2) [4729, 2.46]
2
: 
(2) [5718, 11.44]
3
: 
(2) [2016, -1.52]
4
: 
(2) [6625, 3.7]
5
: 
(2) [1362, -2.89]
6
: 
(2) [8576, -3.62]
7
: 
(2) [2017, -0.21]
8
: 
(2) [746, -2.41]
9
: 
(2) [7136, -0.67]
10
: 
(2) [6338, 0.53]
11
: 
(2) [4458, -0.47]
12
: 
(2) [3929, -6.59]
13
: 
(2) [8273, -12.87]
14
: 
(2) [7750, 0.86]
15
: 
(2) [4064, -4.77]
16
: 
(2) [8722, -1.15]
17
: 
(2) [2857, -4.12]
18
: 
(2) [7625, 2.39]
19
: 
(2) [163, 0.99]
20
: 
(2) [8100, -3.32]
21
: 
(2) [7270, -1.13]
22
: 
(2) [9800, 0.89]
23
: 
(2) [5774, 1.14]
24
: 
(2) [8556, -1.98]
25
: 
(2) [8465, 0.95]
26
: 
(2) [2224, -3.78]
27
: 
(2) [4164, -3.09]
28
: 
(2) [3034, 1.49]
29
: 
(2) [2203, -2.18]
30
: 
(2) [4740, -4.2]
31
: 
(2) [5988, 1.17]
32
: 
(2) [2109, -4.5]
33
: 
(2) [2839, 0.14]
34
: 
(2) [7577, 0.34]
35
: 
(2) [2354, -0.53]
36
: 
(2) [1598, 8.01]
37
: 
(2) [6342, -1.01]
38
: 
(2) [3302, 2.02]
39
: 
(2) [8860, -2.95]
40
: 
(2) [768, -5.17]
41
: 
(2) [1057, 0.7]
42
: 
(2) [8182, -7.97]
43
: 
(2) [2707, 0.73]
44
: 
(2) [2806, -9.43]
45
: 
(2) [3764, -1.35]
46
: 
(2) [6964, -0.83]
47
: 
(2) [1875, 1.59]
48
: 
(2) [4491, 0.25]
49
: 
(2) [2625, 1.24]
50
: 
(2) [7199, 42.33]
51
: 
(2) [9032, -1.71]
52
: 
(2) [9168, 1.38]
length
: 
53

次数 0 7269
chart.js:1310 次数 1 7198
chart.js:1310 次数 2 7196
chart.js:1310 次数 3 7325
chart.js:1310 次数 4 7417
chart.js:1310 次数 5 7147
chart.js:1310 次数 6 7169
chart.js:1313 样本容量 50721 验证次数 50721
chart.js:1314 负值 25555 正值 25166
chart.js:1315 盈 23 亏 29 平 0 总和 52 盈利 86.74 亏损 -96.42
chart.js:1316 盈率 44.23% 亏率 55.77% 平率 0%







0
: 
(2) [1538, 0]
1
: 
(2) [1885, -0.98]
2
: 
(2) [4218, -1.03]
3
: 
(2) [707, -11.43]
4
: 
(2) [9013, 6.49]
5
: 
(2) [1992, 2.66]
6
: 
(2) [6375, -0.68]
7
: 
(2) [3732, -0.7]
8
: 
(2) [3456, 1.76]
9
: 
(2) [7918, -2.66]
10
: 
(2) [8042, 3.26]
11
: 
(2) [3342, 2.28]
12
: 
(2) [4209, 0.2]
13
: 
(2) [301, -1.82]
14
: 
(2) [3841, 1.73]
15
: 
(2) [8014, 0.48]
16
: 
(2) [6996, 3.23]
17
: 
(2) [4025, 0.55]
18
: 
(2) [6462, 1.6]
19
: 
(2) [7545, 14.59]
20
: 
(2) [1328, 6.09]
21
: 
(2) [4641, 5.79]
22
: 
(2) [8114, 4.26]
23
: 
(2) [5035, 5]
24
: 
(2) [9813, -14.04]
25
: 
(2) [3667, -1.15]
26
: 
(2) [6794, -0.21]
27
: 
(2) [4445, -2.58]
28
: 
(2) [1141, -4.68]
29
: 
(2) [7249, 3.33]
30
: 
(2) [1224, -4.2]
31
: 
(2) [2457, -2.25]
32
: 
(2) [6335, 2.92]
33
: 
(2) [8214, 3.66]
34
: 
(2) [7262, -2.08]
35
: 
(2) [2660, 3.07]
36
: 
(2) [9838, 3.2]
37
: 
(2) [889, 3.17]
38
: 
(2) [6071, -7.06]
39
: 
(2) [9108, 3.44]
40
: 
(2) [7555, 1.94]
41
: 
(2) [3338, -0.85]
42
: 
(2) [3868, 1.48]
43
: 
(2) [9066, -4.23]
44
: 
(2) [2093, -3.2]
45
: 
(2) [3907, -2.24]
46
: 
(2) [7147, 2.25]
47
: 
(2) [5636, -3.23]
48
: 
(2) [4625, -2.8]
49
: 
(2) [4253, 1.97]
50
: 
(2) [3821, 1.14]
51
: 
(2) [8788, -0.54]
52
: 
(2) [2095, 6.3]
length
: 
53
次数 0 7250
chart.js:1310 次数 1 7227
chart.js:1310 次数 2 7250
chart.js:1310 次数 3 7179
chart.js:1310 次数 4 7203
chart.js:1310 次数 5 7237
chart.js:1310 次数 6 7375
chart.js:1313 样本容量 50721 验证次数 50721
chart.js:1314 负值 25236 正值 25485
chart.js:1315 盈 29 亏 23 平 0 总和 52 盈利 97.84 亏损 -74.64
chart.js:1316 盈率 55.77% 亏率 44.23% 平率 0%